0.0593459603
0.0056441682
-0.3155970950
0.2348953460
0.1190959495
-0.9401684271
-0.0080660105
-0.4132235771
-0.5717689717
-0.3051467907
0.2740628186
0.2307772823
-0.4220275200
0.1398085173
0.2434225163
0.2188479968
0.1081868478
-0.0387646189
-0.3513294508
-0.6157211874
0.1678852760
-0.8675822613
-0.7144756002
-0.3824371868
0.1306246758
-0.9854813835
0.0682012608
0.1834528383
-1.4308556772
0.1217235599
-0.4897776660
-1.0736335324
-0.3204815798
-0.8411935138
0.4394835210
0.0763379958
-0.9723872227
-0.9275444057
-0.6613632399
-0.2925813876
-0.0334298273
-0.7556090748
0.3880581447
-0.4514138979
-0.6483218799
0.0706687306
0.2045385935
-1.7230431267
0.1458594212
-0.4702020778
0.7049627696
0.3763711006
0.2704612595
-1.2482134086
-1.3331523594
0.1500690295
-0.3704867002
0.1661031540
-0.3759805940
-0.4278134031
-0.0636656964
-0.6686173311
0.2835014326
-0.0248082334
-0.8712044093
-0.7448110499
0.9394952975
-0.1450668880
0.3520893040
-0.5160292300
-0.0733107972
1.5322172942
-0.6553263830
-0.0985300052
-0.3395690515
0.1188896076
-0.1091767920
0.4492615059
-0.5878080790
-1.0578171380
0.0419889002
0.5032287707
-0.6566560251
-0.2327629598
-0.5973171088
-0.1107968625
-0.3109969142
-0.1374773146
-0.1276019157
-0.8959811880
0.3052166757
0.5802938556
-0.0838736251
-0.6303994077
-0.6853177175
-1.5933906590
-0.7415152125
-0.6436799754
-0.8628434208
0.0816162544
-0.4659994306
-0.7638242816
0.2218431323
0.4149875665
-0.2832012698
-1.0646462112
-0.6832105401
-0.2454189544
-0.9828216410
-0.6467413501
-0.6481560157
-0.5706185474
0.4328989560
-0.1927991706
0.3873554078
-0.4549752264
-0.9125027884
-0.7227443383
0.6726359727
1.3559593873
-0.1283584284
-0.2166308832
-1.4248046357
0.5257509424
-0.0798070634
-1.3359376471
0.3392380191
-1.7464932287
-0.3093758292
-0.9812342338
0.1416572968
0.4243411755
-0.1131496598
0.2296104947
0.3623054085
0.2818946603
-0.2929159220
-0.4553729874
-0.4514594887
-0.6916004772
0.9658969753
-0.1848535297
0.1888893103
0.8069221995
-0.8827118634
0.1232910997
0.4579679061
-1.4648183287
-0.4941469738
-0.7984227605
0.6980698929
-0.8550141574
-0.4779912213
0.0675608922
-0.9178913420
0.1109318029
-0.3840708389
0.1242540001
-0.1470712560
-0.4589214531
0.2938455785
-0.9713350648
-0.4763367817
-0.2945252321
0.1012334810
-0.7930391908
-0.4835815049
0.4196690609
-0.2907912165
-0.2093748273
-0.0313745552
0.2738478121
-0.0912757361
-0.9728998281
-0.1249430915
-0.6976384403
-0.5231584850
-0.9692594263
-0.2349391239
0.3668205141
-0.3497187798
0.2494652799
-0.2171520697
-0.2797720288
-1.1407864897
-0.6833330402
-0.6030776819
-0.1507855720
-0.7812145496
-0.0895077206
0.5842862230
-0.5311159277
-1.5154225243
0.1036243820
0.3373477983
-1.2224025930
0.2340444270
-1.2486326620
-1.0555003067
0.4367243392
-0.3945026547
-1.1700001867
-0.6019966389
-0.8666253206
-0.7736226633
0.2102803265
-0.6851216804
-0.4530586375
0.9273138303
-0.3157677959
0.8012134454
0.8742759110
-1.0092119334
-0.9096424862
1.0057565206
-0.5647972861
-0.6555398328
1.0395262807
-0.8706897934
0.4131196460
-1.0674570549
-1.3984941981
-0.4640986853
-0.0954696676
-1.5782930262
-0.5769060539
-0.9376123589
0.4215014223
-0.2865286482
0.2284218697
-0.9588931917
-0.5661570023
-0.8602005017
0.4306170523
-0.8728473608
-0.1920842945
0.8049784240
-0.0080140942
-0.5982728176
-0.0413353554
-0.2687399302
0.8215370641
-0.5206254797
-0.0635638087
0.6409197712
-0.7248029012
0.0425994385
-0.0730745685
-0.7850314487
-0.6199824123
-0.1793538800
0.6056595655
-0.9728720572
0.1642520948
0.0197790976
-0.1017813630
-0.9897625163
-0.9408259309
-1.1971560033
-0.0513465221
-0.1896904244
-1.2240864258
-0.2924886803
0.5900197048
1.3922932966
-1.0587139239
0.3686241651
0.4066978685
0.7682716783
-0.8573174858
0.5216193883
-0.8058481616
0.4725623202
-0.1202382782
0.2733125998
-0.3353870437
0.7571585525
-0.0869129572
-1.4346359618
-0.1198437134
0.3932099149
0.0624476412
-1.8842099967
-0.4041135200
0.1658551118
0.1324987186
-1.0752479844
0.1459950727
-0.6201976098
0.5560164112
0.3295176776
0.4783413961
-1.3046781460
-1.0480581242
-0.7293197674
-1.0441584352
1.8068278266
-0.4953800219
-0.3743653640
-0.2724603569
0.1650616951
-0.3290531729
0.7449822662
-1.5761633240
-0.8208637784
0.3577495158
0.1905890374
0.8000861034
-0.0990981996
-0.0443873927
-0.4480784987
-0.0526466448
0.4313358189
0.1512185818
-0.9118784844
-0.4697079768
-0.9244926571
0.2027225542
-0.5364501574
-0.2722267860
-0.7311229807
-0.4629057391
0.0806509871
-0.1335430550
-0.5978161571
-0.0945672094
-0.7718846284
-0.4772206586
0.0106406817
-0.7261483160
-0.9447765714
-0.1572440153
0.3270119210
0.6402637543
-0.6690904803
-0.6529802442
-0.5648776883
-0.3908283975
1.1973515606
-0.9332595440
1.3019066439
0.2518670947
0.8709789582
0.0508169649
0.1969039717
-0.4335572586
0.7704976458
-0.3357831209
-0.9569813126
-0.1480716679
-0.5617597217
-0.2948415490
0.0187547782
0.0661971014
-0.4087714104
0.0752804602
-0.6237804557
-0.7955944008
-0.5889105956
-1.0258904986
-1.0169176112
-2.4423103678
0.2912171338
0.0559224855
-0.7512043698
-0.1884426356
-0.9558153986
-0.9434580556
-0.1569102541
-0.9051218165
-1.0313989910
-0.9335727070
-1.2489536696
-0.4578485207
0.6562960119
0.1216792633
-0.4784395281
0.4288399557
0.2872664540
0.6303488931
-0.6749913338
-0.7288077354
-0.0852302919
-0.3306160701
-0.5574980927
0.3046249714
-1.2983091396
-0.1017148180
-0.0280215422
-0.6340111549
-1.5146139409
-0.9547714890
-1.0107812721
0.7098442517
-0.1846249133
-0.0963400700
-0.3962384633
-0.4093965619
0.0624440827
-0.3216187962
-0.0489069677
-0.2196513824
-0.9085318789
0.1753079782
-1.0235775190
0.4090445697
-0.6067943376
-0.3347542016
-1.2545977260
0.0770895076
-0.7473855039
0.1016763047
-0.2193479423
0.2022645425
-0.6593334486
0.3064317611
0.0277485807
-0.9179226117
0.2034919889
0.0055180902
0.7819803349
-0.3795065331
0.1771864909
0.3452350794
0.2198401358
-0.3369573588
-0.1917938181
-0.4343165021
0.0005063727
-0.1033017188
-0.0438249506
-0.2615258366
0.2861393321
-0.2010794319
-0.2155008462
-0.2732410746
-0.7030352123
-0.6885157866
-0.0511798864
-0.6158677328
-1.2939921564
-1.1248189927
-0.7313125671
-0.8233395985
-0.6881881066
-0.0376863251
-0.1576057970
-0.0526984905
0.6669757242
-0.8145947927
0.4899779181
-0.7244209311
-1.1109631430
1.0759976529
-0.8574452229
0.3182960291
0.5250401225
-0.6765625706
1.3232454682
0.2604095188
-0.5995708461
0.9125468586
-0.0687640612
-0.6984094492
-0.1985265706
-0.6157279948
-0.1230099109
-0.0050852287
-0.1073368431
-0.1713596694
-0.1863879822
-0.3479710307
0.2823556824
-0.4224009822
-1.1831495214
0.7044576380
-0.4324694638
-0.7186752652
0.5014911266
-0.4778254585
0.4421491597
0.3783381195
-0.3876330591
0.2806353044
-0.2619434998
-1.2324989848
-1.1872318273
-0.9942715339
-0.4737774237
-0.5406454702
0.1217307957
-0.6957539401
-0.3880951995
-0.2328933956
0.7186554659
-0.2831211094
0.7899957111
-0.3634243373
-0.3979812675
-1.1515466281
0.5140963739
-0.7335154545
-0.8118284473
-0.2331755782
-0.5687387116
-1.0240233978
-0.8110481479
0.5594420738
-0.2082048285
-0.2884676270
-0.2944022923
-1.1365010543
-0.1623507301
-0.6287684276
-0.7432425795
-1.1153500235
0.3789450407
-0.5643169481
0.0111495880
-0.1442696408
0.3705130565
-0.6217890685
0.1272957342
-0.4494822124
-0.6684408651
-0.5905670754
0.1258412644
-0.6448868074
-0.2842711573
-0.1981178168
-0.0859480694
-0.2557332928
1.4252051878
-0.5086418543
-0.9682398766
-0.1004965205
-0.2619718701
-0.6653476396
0.3227347533
-0.5866406150
-1.2356794865
0.1603592982
0.5372198718
-0.5217916112
0.0470277915
-0.4432407164
1.0206079218
-0.6951054761
-0.3972884650
-0.9018651609
-0.9967670568
-1.3153411232
-0.7197687753
0.3732085432
-0.5354268630
0.1357611102
0.2694707324
-1.2402581930
0.3364248241
-1.1721287197
0.8848311828
-1.4001014359
-0.1725934971
-1.6193062840
-0.7835370283
-0.6138515497
-0.1296653033
-0.3862278999
-0.1339548703
-0.1366804374
-0.0868829601
-0.6895346385
-0.2367266080
-0.9529931323
-0.8166154694
-0.7956859629
0.2898508231
1.2150075836
0.4519937990
-0.4828866619
-0.3745519936
-0.6870225623
0.0368486952
0.3031967231
-0.6722469604
0.5568863487
0.6486720856
-0.5270934722
0.2360763964
-0.4884978082
-1.0037246016
0.2086361099
-0.7640395323
-0.0759982222
0.3605286408
-0.4198348810
-1.6940654944
0.2928329316
-0.8127327788
-0.9595924185
-0.5316367802
-0.9431484813
-0.0418372250
-0.8421871001
-0.7040884729
-0.4585834392
-0.3527443845
-0.9534965791
-0.3898425568
-0.0679473272
-0.3788663667
-0.4585020245
-0.5924318812
0.0456473905
0.6181736132
-0.3806293024
0.0257325040
-0.2419871287
-0.9711600657
-0.0346889039
0.1846141896
0.6276924042
0.3582641887
0.3070133061
0.0657383130
-0.1977721499
-0.3189898492
-1.2660855326
-1.1270906362
-0.9033284700
1.3853073524
-0.4841535079
0.4485803603
-0.8724329129
-0.1185584446
-0.3984031731
0.6527610228
0.5554669256
-0.2366935893
0.6928813576
-0.8373145375
-0.2956500412
-0.2029082422
-1.5651985484
-1.3305177492
-1.7505264764
0.2040437630
0.7746941091
0.4157821647
-1.7331796311
-0.6346038467
-0.0131277303
-0.5364364327
-0.8035603058
-0.4626408825
-0.8241519371
-0.1297900180
0.3090382407
0.6314903274
0.4241802999
0.5815266994
0.4313644971
0.1857007875
-0.7506475405
0.3507633330
0.3732823548
-2.2567580293
-0.8126429045
-0.0980693083
-1.0432638076
-0.1485904459
0.4048609335
0.5317753597
0.1388771222
-0.6926670184
-0.5219501466
-0.6782287056
-0.4591841259
-0.4590631817
-0.4729801515
-0.1548952633
0.3977592774
-0.5898392407
0.2374485301
0.0869748806
-0.8438611891
-0.1347845002
0.0472406263
-0.5569699806
-0.5627046765
0.4152537126
0.5899997728
0.4135018782
-0.2908001983
-1.2501474806
0.0112306256
-0.2627645645
-1.8604331041
-0.4818966819
0.2314624563
-1.2342025754
-1.6715480301
-1.3165172723
1.5358001635
-0.3993312976
-0.2308743413
0.2383828749
-0.0034455949
-0.4985600403
-0.8246435611
-0.4889925084
-0.9129647392
0.0317531201
0.1726312827
0.1177611438
-0.4781822333
-0.1027091414
-0.0902191519
-0.7994556810
-0.2596229090
-0.8587896931
-1.0330263399
-0.2303576728
-0.3564714725
-0.3562347146
-0.0881861648
-1.1022092746
-1.1340789874
0.6341847517
0.8908262899
0.0385450637
0.5749965363
-1.6245642013
-1.2208631881
-1.2747103715
-1.2618705023
0.7254487029
-0.2683473245
-0.4651054550
0.0563378171
-0.3248503950
-0.8912263045
-0.4795167106
0.3059125552
-0.5399171010
-0.2927636962
0.0763704694
0.6701591643
-0.3176924571
-0.5357032255
-0.9257685176
-0.8964502029
-0.7888976618
-0.5297255770
0.0480122595
0.1572319289
0.7178318971
-0.5563159500
-1.6229841716
0.7074530252
-0.2396286851
1.0517303292
-0.0760641386
-0.6954250625
0.2226678445
-0.0808780795
-0.4517512289
-0.6367828616
-0.5344615907
0.2931765077
0.4404009810
0.6409484563
-0.9740611605
-0.7660709949
-0.4859908358
-0.8499374501
0.3757539349
0.2738863944
0.0292635850
-0.4537524256
-0.1699902691
0.3721057852
-0.3428889937
-0.5995689957
-0.7886141571
-0.8044231109
-0.4783276129
-0.9404133900
0.2721439433
-0.2766711973
0.2463671251
-0.9523387961
-1.2961201263
-2.1165993229
0.3277152264
-0.0633253943
-0.5344841382
-0.7045249548
-0.6611560723
-0.9429980837
-0.1760924871
-0.3460873916
0.3780143565
-1.0777765528
-0.4464824993
-1.3948861388
-0.1724003088
-0.1206298408
-0.7219419490
-0.4511895023
-0.4259549188
-0.1108983685
-1.5029041877
-0.0432726872
0.6653324992
-0.2754545424
-1.3860384986
-0.8918401586
-0.6067314134
-0.1600165885
-0.4339547435
0.0194346564
-0.5113712451
-0.5648126539
0.6275144867
-0.5454759877
-0.4482246877
-0.1610041092
-0.6474439804
0.6514455653
0.0015644957
-0.1458304551
0.5164213475
-1.1320635994
-0.0586133357
-0.2090983954
0.4899913998
0.2013072886
0.6183276229
0.1702440127
0.1322131710
-0.6172450188
-0.3083399829
-0.4388089187
0.0150167352
-0.3624919628
-1.0236158065
-0.0015081364
-1.0280622767
-0.5895508297
-0.5281878286
-0.0077854853
-0.1899488870
-0.4027267748
0.7574214818
0.3553773464
0.4502192281
0.4164185391
0.0744711651
0.6799350987
-1.2258127875
0.1190902497
-0.4198922715
0.0411760141
-0.2330387291
-1.4560363469
-0.4141916819
-0.5472406873
-1.1231768011
-0.9347852813
-0.5048122543
-1.1363983841
0.7890802456
0.3628430273
-0.0605807584
-0.5344646479
-1.0777207999
-0.3215046775
0.0216372495
-0.5637650256
-0.6998605838
-1.4273254857
0.8412025547
0.8074773183
-0.0883836441
-1.1363018617
-0.9395508344
-0.8053476407
-0.7550384816
-0.3339812118
0.6417809391
0.7792158957
-0.7663332940
-0.5215226003
-0.1087815920
-1.4321158706
-1.1425192926
-0.1490793913
-1.1246160533
-0.0440461720
-0.5568878615
0.2126033047
-0.1258976115
-0.2766330804
0.5450707342
0.7263777745
-0.4422801529
-0.2275857828
-1.1921540899
0.1903675617
-0.5639400337
-0.0504887014
-0.3198193435
-0.2728786800
-0.6664896997
-0.6897413425
0.3409670237
-0.3144401147
-0.4137099591
-0.4625125977
-0.6401362589
-0.6162427709
-0.8048024887
0.1656756548
0.7385998495
-0.1968542690
-1.0675181330
-0.4493639958
-0.2044647950
-0.2780996770
-0.9273046948
-0.5938828279
-0.3666775998
-1.3112953726
-0.2106323653
0.5713094909
-0.3464976091
-0.7771281410
0.0741388524
-0.2417478671
-0.4193008098
-0.5258781508
-0.2831616869
-0.4631626492
0.0765352320
-0.7093683735
0.1310486422
-0.3618462466
-0.1863301870
-0.0099720762
0.3698600323
0.4634000802
-0.5978982123
-0.3240497777
0.4617858084
0.2786729156
0.0096583064
-0.2092828733
-0.5891148283
-0.0136185554
-0.5022737315
-0.2088501219
-0.5961159998
0.3034121235
-1.1432235465
0.1256556688
-1.2306525425
-0.9408582168
-0.5303240801
0.0706259859
0.2882148917
-0.7624168244
-0.2491058211
-0.5245004776
0.1992377443
0.4732677520
-0.1624090788
-0.7458551068
-1.0005046003
-0.1672303962
-0.1885101653
-0.7063129395
-0.4927797028
-0.6520746781
0.3216481806
-0.4564880667
-0.7898754637
0.4449794741
-0.4174357013
-0.0045398748
-0.4719460883
-0.5354364911
0.2976453074
0.3156182428
-0.0422673834
-0.5188099912
-0.6600288016
-0.4682087637
-0.5990622170
-0.6635486199
0.1139558415
0.6072103855
0.2996052976
-1.0234885413
0.0306201897
-0.2277124440
-0.7127563981
-0.7459034836
0.0636248302
0.2493235794
-1.2230200541
-0.1613647017
-0.7986417134
-0.5597036472
-0.0574331830
-1.5343930996
0.3800789529
-0.6446982458
0.5534863976
-0.1563278462
1.8086547750
-0.6774121886
-0.4121949154
0.2823061321
-0.2174529240
-0.1658112070
-1.0014882726
1.2820064469
0.6609045181
0.6537201111
-0.4156551162
-1.4688848614
-0.2371894753
-1.1717259797
-0.3736196093
-0.5920093589
0.5172160560
1.2541176818
0.6813331886
-1.0191329933
0.6485161842
-0.0365654134
-0.4680579877
-0.9318794092
-1.0271555029
0.1874830137
-1.0593455135
-0.3595485380
-0.7519860034
-0.8195870110
-0.8510323822
-0.3917082637
-0.9272792378
-0.2309147381
0.2405484362
-0.6767103435
0.0831999302
-0.7129379414
-0.9662524050
-1.1293815189
-0.0210043557
0.8687094627
-0.8035166780
1.2668489301
0.9164541754
-1.9372143626
-0.0927045331
0.0570526581
-1.0122676032
-0.0506831749
-1.3055649838
0.4271986914
-0.6616577887
0.5744918813
-0.9925802132
0.9875964239
-0.6324403120
0.8212064841
0.1205222999
-0.9889898254
-0.7794103456
-0.3213187902
0.1204886675
-0.5878092918
0.3895558352
-0.5840244980
-0.1112135923
-0.1356063399
-0.2728649518
-0.8914483122
0.5610067379
0.5862437786
-0.1488002358
1.1231155806
-0.6449992584
-0.3575011296
-1.4735620785
-1.1045640399
-0.9820714527
-0.4295410018
-0.5711503485
-0.7936944502
-0.0744083070
-0.7834331633
0.0657373944
0.2592445592
-0.3645235434
-0.2558436959
-0.3138755302
-0.6452774324
-1.4690933642
-1.3084212231
1.1564362269
0.6168657855
-0.5013134903
-1.1329593020
-0.5921064886
0.3445993442
-0.3194204328
-0.1833092001
-0.0967484228
0.6860912886
0.6544136497
-0.6815092390
-0.9903345702
0.5649481239
-1.7945142458
-0.3636023934
0.4621449627
-0.3505702736
-0.5315694240
-0.2843712813
-1.0563462955
-0.5875972236
-0.6801780791
-0.6236790285
0.0003139490
-0.2808972145
-0.9390438883
-0.3515788377
0.5536203585
-0.6396544375
-0.7443343520
0.0922686268
-0.9096541087
-1.2911376039
0.7247910566
-0.6289633413
0.3586480617
0.1838618633
-0.6083077284
-0.0541414127
0.3279335949
-1.4346174950
-0.2598129933
-1.8659503241
-0.4245900399
-0.6420170469
0.0915006872
-0.0262594344
-0.5682439606
-0.6961404865
0.0118469992
0.2223678177
-0.9280948834
0.4766673931
-0.0174899606
0.0127565098
-0.5972265706
0.4298534027
0.1777025392
-0.3586830869
-0.0138557330
-1.1524239820
-0.1684448350
0.6371938626
0.0063311904
-0.7718277020
-0.7644455518
-0.5961746513
0.1260403049
1.5521264948
-0.0543952803
-0.3644500866
-0.8122039457
-1.6988348245
-0.7286506006
0.3877319373
-0.4675685162
-0.2478876132
-1.2673552452
-1.4285247000
0.3602590255
-0.6845692925
-0.6386560229
-1.3769026859
-0.3461679308
-0.4019653778
-0.4874873209
-0.1701094944
-0.3432622774
0.3768086041
-0.7894639509
-0.0648874125
-0.1406648129
0.5570637938
-1.1681384879
-0.3279403844
-0.2513868241
-1.3715251410
0.3829646082
-0.1804364871
0.2751603670
0.0457890001
-0.3700495734
-1.3005834418
0.1064072457
-0.9018280683
0.2625400211
-0.1003378348
-1.3665656793
-0.2721173135
0.3345916324
-0.0961124925
1.2017612880
-0.1335407650
-1.3044145049
-0.4271138574
-0.1547973987
-0.0454782307
-0.6282437484
0.3147409035
-0.9997518927
-0.4394127319
-0.8169393273
-0.3415247150
0.0853613832
-0.7190036558
-0.7574339293
-0.1292793587
0.1681970820
-0.6393158994
-0.8749269296
0.2247647918
-0.3500026297
0.3003428822
-1.2659121007
-1.2501351918
-0.2439138665
0.1081903790
-0.3116763172
0.5681813962
-1.4627954119
-0.2068816979
0.3992686231
-1.1327979665
-0.0821889889
-0.3385482953
-1.1096881520
-0.4284379499
-0.3685745280
-0.7353172339
-0.4780273278
-0.7317661193
-0.3357326042
-0.4664451843
-1.2490153244
-0.1996746411
-0.7223762455
-0.8182582588
-0.5170480440
0.4470628594
-0.2906371392
0.2316077329
-0.5088973606
0.5631498403
-0.3168411328
-0.6966539492
-0.2414173177
-0.1549615919
-0.4500974357
-0.4517264081
0.0418416368
-0.5150198223
-0.8859791276
-1.0014084597
-0.9187211025
-0.1106878393
-0.3538090989
-0.1817343120
-0.6815301748
-0.6149778744
-0.7682450932
-0.5602668842
0.1056362667
0.4044787107
0.2343462597
1.4357873686
-0.7877246012
-0.1913454957
0.2286320715
-0.9515371485
-0.1048033374
-0.9988217835
-0.6047550403
-0.4941707188
-0.1681875938
-0.7809162870
-0.7978162108
-0.2613383319
0.9239999727
-0.8424151649
-1.2625188000
1.0528398719
-0.7552925794
-0.3950428879
-0.8665504798
-0.6152647297
-1.0650166591
-1.1570874058
0.7212070354
-0.9253457895
0.0760827158
-0.5233593777
-0.7181099662
1.4368176450
-0.4464709670
-0.9703985647
-0.5299634972
-0.4403226999
-0.3523598964
-0.5796792681
0.3114376316
-0.1863062126
-0.5113027940
0.6432580251
0.2089619248
-0.4815841611
-0.7146501315
0.6257840588
0.5529342790
-1.0800661870
0.1268547740
-0.2578052704
-0.6087465776
-0.8094983743
0.8143163490
-1.0839586606
-0.3613870238
0.4876090942
0.3012816086
-0.0225707584
-0.1571984802
-0.1903741110
-0.3688418968
0.1281429917
-0.2869949859
0.5208166132
-1.1082352425
-0.7869573357
-0.2767216688
0.2058313100
-0.2317857288
-0.2506553183
-0.1062068204
-0.4170921624
-1.4940339290
0.0108675368
-0.7674613898
-1.1291045888
-0.9923565296
0.4543585008
-0.2404397015
-0.5359552048
0.3967543663
-1.1595969142
0.3332123745
-1.2106789262
-0.2310629082
-0.1566964020
-0.5651129089
-0.0178091036
-0.5427026938
-0.6709551439
-0.6632889057
-0.3826406174
0.8480291831
0.3068151407
0.3699166945
0.3390654730
0.2546743831
-0.5987162642
-0.0234823584
-0.0268705690
-0.4509276306
-1.3395960645
-0.2757812191
0.9504931892
-0.9859712828
-0.3054947917
0.4252640243
0.3407467798
1.0292940044
-0.2198622961
-1.0228364334
0.2969581935
-0.1267567777
0.1156887748
0.3280283648
-0.3341638425
0.0616722346
-0.7237101948
-0.3811065354
-0.1238920073
-1.6798583448
-0.1431602962
-0.1154223989
-0.6058721425
0.0433750760
-0.5658749825
-0.0695982860
0.0801744386
-0.6821754991
0.0833879538
-1.1200452693
-1.4324451485
0.0223060569
-0.8260612123
0.0985836149
-0.9377925907
-0.5274562028
-0.3040948997
-0.3470961907
-0.8865248025
-0.0808743046
-0.2580174350
-0.0514675156
-0.1646556663
0.5144536772
-0.6418810154
-0.4323698701
1.2281107795
-1.7237100269
-0.2718036375
-0.1155049509
-0.2466011828
0.3957521968
0.0849705618
-0.2694770135
-1.0432996408
-0.6062855497
-0.0296864763
-0.1055122436
-0.8340309636
-0.4018902142
-0.2218354153
-0.3214237385
1.0052181343
-0.1131264765
-1.9664286157
0.0097321210
-1.0034804467
-1.2267994777
-0.4319791673
-1.2925097984
-1.2778745940
-0.0853535368
-0.2220097404
-0.0323815605
-0.6188201167
-0.7128875028
-0.0685571136
0.2317408323
-0.3033411007
-0.4624940616
-0.7009457900
-0.2960803655
-0.0848802971
-0.2255218593
-0.5675775766
0.4529971362
-0.2127631932
0.0139893274
0.4236082066
0.0641985931
-1.1141418830
-0.9159806970
-0.0139808714
0.4807112819
-0.2639454961
-0.4136449672
0.0675302291
0.7500882360
-0.0097822035
-0.8898508220
-0.0389019975
0.9001767606
0.0821586771
0.7101195426
0.3506386650
0.0656627374
0.0003381338
-1.0932667390
-0.9843338353
-0.4413309877
0.3047003900
-1.4427597091
-0.0363343718
-0.2717531649
1.1449581318
0.4350448068
-1.5518315414
-0.4242144400
-0.9990787960
0.6651471215
-0.3657027611
-0.9223612815
0.1511773087
0.0752633849
-0.8377572671
-0.3500896593
-0.2665343203
0.3770558860
0.7316001415
-0.9530143688
0.4030503850
-0.2650831465
-0.0127295944
-0.7947639253
0.0826760016
-1.2195397395
0.0079092771
-1.4304552339
-0.1315360744
-0.1391304072
-0.1131157989
-0.1392544749
-0.3862123735
-1.5191714931
-0.3664894370
-0.2412233139
0.6427993223
-0.3398800328
0.2117922546
-0.1287231635
-0.8853894808
0.1050092871
0.1460381965
-0.6371590964
-0.0707317284
0.5576366373
-1.0464679799
-0.8242781540
-0.6682268849
-0.6704682642
-1.1447080856
0.4711724511
-0.8470225975
0.1657286377
-0.1643151030
-0.2060991700
0.1631459099
-0.8366966679
0.2005966916
-0.3890089839
-1.1781566967
-0.3184812575
-0.4358425836
-0.2763680827
-0.5066086786
-0.6315787887
0.2957078442
-0.2481976612
-0.7357983387
-0.8542847586
-0.6073732958
0.5998658700
0.3942845377
0.3539141111
-0.0898036544
-0.9298780738
-0.3770230485
0.4662048067
-1.1008151687
-0.5971567604
0.2651275471
1.1516146379
-0.5594928796
0.4471736581
-0.4803859170
0.9142151142
0.8940860353
-0.4857613881
-0.7503513135
-0.1940759419
-0.1767886473
0.7466620214
-0.0199677866
-0.4065670744
-0.5616501097
-0.6115962048
0.0530714587
-1.1410640417
0.6009459886
-1.1148476410
0.5614846225
0.3570219460
-0.3505712588
-0.0974630754
-0.0653447200
0.0693665377
-0.3398994699
-0.3438841004
0.1814327121
-0.4121151101
-0.7968690304
-0.3091901818
-1.2523128696
-0.6945551587
1.3068646138
-0.2192110897
-0.0828926637
-0.0860588911
-0.2653542668
-0.7391217312
-1.4768530429
0.7645813416
-1.0247564362
-1.1601475583
-1.4601208430
-0.6625466045
0.5413226393
0.7701276872
-0.4307577845
-1.5786653666
-0.6724031204
0.4045319117
0.1649502551
-0.7349989505
-0.8281806096
-0.0173481583
1.5501090387
1.1516843687
-1.2418877394
-0.1543428586
-0.2354524595
-0.3280665989
1.0493956716
-0.8872853006
-0.7225301224
-0.2643127226
-0.2182288805
-1.1418142577
-0.7817097518
-0.3858085537
0.3278542056
-0.9420175170
-1.6104654624
-0.5040811274
-0.1038516148
-0.4373686418
-0.6742156995
-0.5684928680
1.3722699673
-0.9268025253
0.2550966760
-0.5657709925
0.1652884099
-0.5759283310
-1.1168163671
0.6653137352
0.2627089180
-1.1917420143
0.1256738470
-0.4810428754
-2.4396880049
-0.5406856737
-0.4078273996
-0.6121825499
0.5657036913
-1.0260624013
-0.3527151839
-0.3012635830
0.0538712732
-0.3569638821
-0.4981756683
-0.5785463465
-1.2399704627
0.3820724784
-0.7682765311
-0.4227154461
0.1649373172
-0.3741383915
0.6291477387
0.0416029776
-0.4990277071
-0.4564656927
1.2244292697
-0.2321727582
0.4395292382
-0.5152532970
-0.7141624892
0.0378619989
-0.2703079593
-0.6075646531
-0.7968473171
-0.5363934322
0.3836272573
-0.7286989112
-0.1074763174
0.5953494002
-0.6504211953
0.1457658932
-0.2187656624
-1.2762784580
-0.4045654328
0.2253153649
1.3736734553
-0.9864303368
-1.6901568504
-0.6781863887
-0.4764601131
0.0387921528
-0.7706218858
0.2341141684
0.5005298996
0.0313114194
0.5262566810
0.5252255838
-0.4433172306
-0.3363686952
0.6382951266
-0.9761261393
-0.8939906456
-0.3477065409
-1.0279147115
0.2930078020
0.3119139752
-0.5789749614
-0.0304745414
0.1497533871
-0.3559516164
-1.1558192267
-1.2626003927
-0.4144817717
-0.3889570132
-0.4281378676
-0.1078545770
0.3815204704
1.0398930626
-0.4796363081
-0.9767822729
-0.3448004880
0.7824811115
-0.2726074823
0.3529189197
0.0890579442
-0.7740866896
-0.5856717282
-0.4217978897
-0.3130832539
0.8370425809
0.1952831717
-0.2857671706
-0.1158943558
0.1355466026
-0.4004513781
-0.5422319264
-0.7087346099
-0.8628840536
-0.1313843215
0.9593747710
-0.7425731045
-1.6651841349
0.8631283386
-1.2584277043
-0.4892765198
-0.5659942759
-0.0569472564
-0.2095404934
-1.0280021816
0.0545199752
0.1920866205
-0.4129133876
1.1125112202
0.0572071275
-0.4307688538
-0.2544635451
-0.1879133702
-0.5876745579
0.3527817538
-0.0450560591
-1.3792189822
-0.0556306338
-1.0175966926
0.7390534529
-0.3465601384
0.5335859201
-1.2356705607
-0.4578575703
-0.2746157185
-0.1889139440
-1.0106549757
-0.4674897234
-0.6321898599
-0.8630862854
0.7444885745
-0.5340419039
1.1143482191
-1.1813152079
-0.3402327420
1.0473212349
0.2285591477
-0.4707771509
-0.3990814771
-1.2680028970
-1.5632627666
-0.2032713775
0.4888532937
-0.8607148425
0.7283599417
-0.4744073509
-0.1482462646
-0.2703555880
-0.4814222755
-0.0989646276
-0.5676189559
-0.3791402941
0.1190039406
-0.3087414222
-0.5942436761
-1.0690256141
-0.1409812488
0.2128578511
-0.4181284364
-1.3238821178
0.6286721088
-0.0714412567
-1.0170539280
0.7300838300
1.5541881635
-0.1460445512
-0.9550330139
0.1845801914
-0.6344442508
-0.3493851648
-0.8716300282
0.1815976642
-0.6759852071
-1.0012946745
0.1681090933
-0.3161487715
0.1988863938
0.6267022119
-0.9040833018
-0.0592193130
-0.1130823713
-0.8933665531
-0.0569745786
-0.3921080544
-0.5166079523
0.9174483631
-0.0247372601
0.7387468600
-0.5841694159
-0.0806853303
-1.1889650043
-0.8551626562
-0.0487270554
-0.2703160384
0.1641362002
0.3364838969
-0.2162151476
-0.7641951091
0.2726028208
-0.4966708215
-0.6946463708
-0.2468022272
-0.7195474826
0.9157899457
-0.0275469535
0.1077905697
-0.3351619342
-0.0907135406
-0.5397392224
-0.4860289275
-1.0625069184
0.0976732251
0.1407486142
1.2731204406
-1.2400379996
-0.2740921703
-0.2731722542
0.2936031417
-0.2054473181
-0.6696007025
0.1643004068
-0.5979107708
-1.4781879154
0.3875142859
-0.3650099609
0.7983485634
0.2469996533
-1.3523395305
-0.1338654015
0.3233613558
0.3674675669
-0.9634141854
-0.2031407591
-0.0529153560
-0.7834031016
-0.4033949656
-0.5617922643
-0.0515674404
0.3621207170
-0.0080213428
-0.0038576150
-0.0388157546
0.1999924652
-1.1946455167
0.6767110947
0.2684159872
-0.5112627806
-0.1052777720
-0.5161367773
0.1345896931
-0.8269787662
-0.3334964823
-0.9284033786
-0.7596838816
0.1661235122
-0.6135743921
0.4878962888
-0.0474321186
0.5654361986
-0.8836649486
-0.3389810738
-1.0121830487
-0.2683530364
-0.9729765675
-1.0656849559
-0.4858001280
-0.3032478034
0.0455994126
-0.3666742031
-0.9122734182
-0.3141475145
1.3761403918
-0.6664776781
-0.1322750009
-0.8084399837
-0.1049869405
0.7150906607
-0.6036973824
0.1049084492
-0.9830598959
1.2460528088
-0.5370165002
-0.3936021417
0.3106468599
-0.4254072749
0.4281546033
1.1334015701
0.1675439912
-0.1815825879
0.1627596634
-0.9923388090
-0.6187376944
-0.0781491031
-0.2375133915
-0.3872167733
0.0877690518
0.0605747872
0.1233910680
-1.1605615888
0.2370332498
-0.6250068622
-0.1907483017
-1.1471385199
-0.8892795524
0.7039960131
-0.0726598590
-0.1131079306
-1.1293654969
1.0388010603
-0.4904708608
-0.8144192221
-0.6125963430
-0.0376872436
-0.0843985576
0.5947852856
-0.9316038307
0.0026674585
-1.0538016116
0.5376951104
-0.7648613228
0.4894066671
0.6279850883
0.2006566666
0.0680322707
0.1199446744
-0.3339607027
0.1105134384
-0.4627038013
-0.3468407827
-0.6986248905
0.0240611893
0.0017389353
0.1316348139
-0.2726894679
-0.3792502067
-1.0431067819
-0.0132779071
0.1549861565
-0.3133013657
0.2567023366
0.1371030884
0.1980902531
0.4935795358
-0.2267077460
-0.4541251711
-0.6561265674
0.0829764956
-0.5039432697
-0.0055462309
-0.6689967612
0.7352842540
-0.2482616884
-0.1259609938
0.5319680751
-0.5233674789
0.0332683950
-0.6087740665
0.6286706330
-0.3137770763
-0.6963358867
-0.7320861497
-0.2153323539
0.0819562859
-0.3934292177
-0.1860479936
-0.1632751271
-0.0235774951
-0.6794858983
-0.1922330377
-0.9892455006
-0.2683744554
0.2455418781
0.0282128229
0.0464666297
-0.0067232608
-0.3152356624
-0.6293822535
-0.0097115561
-0.0240137728
-0.0584918574
-0.3220650061
-0.3036040006
-1.2233098660
-1.4437178698
-0.1067843403
0.6449533586
-0.5739419765
-0.5277726432
0.0143372778
0.4017242577
0.4706860829
-0.4338591518
0.2310857320
-0.3970362675
-0.4650417784
0.3853907183
-0.9530043915
-0.5494074830
-0.2542376363
-0.4694905374
-0.3046453298
0.5895870391
0.3246640578
0.1586403447
-0.4197127031
0.2886948434
-0.2473502541
0.9004232499
1.0597265585
-0.1810790686
-1.0453104038
-0.7446484260
-0.9781405563
-0.5086913557
0.2900691532
-1.3193931731
-1.0859150037
0.1734674160
-0.8179377275
-0.5441702093
0.8399269610
-0.0217058597
-1.0832917446
-0.6580395848
-0.8782910017
-0.1210328534
0.5165931093
-0.2457214562
-1.1238510853
0.1365320364
-1.3118343415
0.0216608313
-0.4254432159
0.9530025902
-0.6461140812
-0.7341668825
-0.8705827118
-0.6495296720
-0.9187142242
-1.2205135839
0.2115511236
0.2491796207
-0.4193235356
-0.5566297145
0.1756760374
-0.6857092304
-0.5250502966
0.6515208785
-1.2689795569
-0.4548710435
-0.9185242516
0.5392480719
1.1520271744
-0.1701336738
0.0409713297
-1.3790138162
-1.0943216583
-0.9480923264
-0.9041089968
1.1098078548
0.0200747302
-0.2610318758
-1.0495099071
-1.8957749054
-0.2306325013
-0.0653668670
0.4049027374
-1.2041701371
-0.6934178634
-0.1139196338
0.1975437412
-0.0734817692
0.1725423555
-0.9013892266
-0.1706692875
-0.0237480226
0.4219997205
0.5989750698
-0.4847568091
-0.2585027805
0.0619382424
0.3622187855
0.1703542561
-0.5494595073
0.6285476167
-0.8539516091
-0.4580466261
0.1969976407
0.4433629692
-0.8256532197
-0.4654181234
1.2949700417
-0.4882584184
-0.8048774199
0.0098719790
0.4004535763
0.3548742633
-0.6236791016
-0.6211826730
-1.0629244291
0.3646249189
-0.2813120998
0.5301340986
-0.5362464552
-0.5117594978
-0.2300348665
-0.8280498314
-0.8891229181
-0.2824837060
-0.5855724736
-0.3191221141
-0.1090162363
-0.6807935645
-0.7249256226
-0.6931810291
-0.1335410735
-0.9875694007
0.7322380060
-0.3982932047
-0.3567108843
-0.2016516968
0.4426867493
-0.7435374006
-0.3282185683
-0.2784058800
-1.1250677973
-0.8580108775
0.6183620824
-0.0747353487
0.1429874926
-0.4703717366
-0.2318030756
-1.2786539239
-0.5122820268
-0.7154188661
-0.4042275757
0.0599223538
-0.2700389675
-0.8785949728
-0.9791327646
-0.9756072583
-0.7201896139
-0.2854388799
-0.1403530316
-0.7175111996
-0.5921739509
-0.8972968214
0.1184259591
0.8260420077
0.8908490501
-0.9517559721
0.7040940544
0.2310118121
0.0387887468
-0.1221758065
0.0500018445
-1.2588371271
0.0148635350
-0.5816813668
-0.7404366354
-1.0210315624
-0.9095059923
-0.5085727003
-0.3285570853
0.2885246043
-0.0080059638
0.1782572984
0.5661683823
0.2961635443
-1.1658606836
-0.9891719340
-0.5198189281
-0.1968234354
-1.1995879636
-0.3805473175
-0.2926113728
-0.0329303135
-0.3455112957
-0.2173666397
-0.9558235476
-0.8750164201
-0.2283402186
0.3428295757
0.3199399194
-0.1702436984
-0.6036681285
-0.6197430680
-1.2637991563
-0.4345682617
-0.9441324283
-0.2477947621
0.5094982546
0.4677580331
1.0642635297
-0.3280130255
-0.7137082318
-1.2824520787
0.0027412977
-0.9915025631
0.0351409698
0.2010871782
-0.4065860597
-1.0732272201
-0.5507358678
-0.3465630682
-0.2185961486
0.2192144264
0.0531083284
0.2847657395
0.0226828112
-0.1253193127
-1.3633858579
0.7407740791
-0.6654016519
-0.0317160661
-0.2680179357
-1.1506411806
0.1436593383
-0.0885265066
-0.6618460423
-0.3483153091
-0.3127943418
0.9020139634
0.5823282315
-0.6127286074
-0.0845215178
-0.4562241501
-0.6965166772
-0.1789964618
-0.1704356260
-0.5032048374
0.4587045390
0.6970906509
0.2940085622
-0.3993765302
-0.7188671039
-1.1719095632
-0.1008141319
-0.6992665819
0.2120373187
-0.8771842661
0.3672683079
-0.3684365952
0.3083780262
-0.1049181897
-0.4483732609
-0.0596753411
-0.3277335573
-0.5307576487
0.3170763846
1.6462600496
-0.2149583022
0.8605974963
-1.2929809584
-0.7899495678
-0.5509954418
0.0094746472
-0.3617091728
-0.2670106748
0.4297561557
0.8358979426
0.9958592381
-1.0465018014
-0.4112731272
-1.0506157820
-0.9362851019
0.1001339188
-1.1046178580
-1.0746321102
-0.1436445013
-0.7802092557
-0.9048087012
-0.3227327311
0.3134034366
-0.0725341159
0.4044668084
0.0732755609
-1.2245883551
0.1809807288
-0.1649720149
-1.4199926819
-0.4022170291
-0.8571141322
-0.1929497271
-0.5687746962
0.1741086045
-0.3215531971
-0.2940124658
-1.0574121361
-0.5166550264
-0.3384465630
-0.2246010144
1.0102958922
-0.4415988774
-1.3713645999
-0.8473146295
-1.2699871803
0.5049440642
0.3963837694
-0.7712827824
0.5986810088
-0.2095777723
-0.5328664210
-0.5031057500
-1.1082465316
0.3676066918
0.6684757456
-0.2540446897
-0.0496028845
-0.6488503133
-0.3074614238
-1.4721665464
1.0874060272
-0.3779883556
0.4333692309
0.1033255443
-1.1626152761
-0.3416093326
-0.8755021198
-0.4269206550
-0.5196429718
-0.5587544326
0.3475022909
0.1396758020
0.2808551730
-0.4016603372
-0.2127705580
0.1397476353
0.1992774314
-0.1126350690
0.8959096977
0.1536322659
-0.1691571925
0.4615280266
0.5973208385
-0.2915796034
-1.5875493910
0.1812565315
-0.0818960897
-0.1456294287
-0.5397402633
-0.6959368475
-0.5263234033
-0.4048339222
-0.4234814012
-0.1475094271
0.0381539193
0.9229006299
-1.5753111008
0.1466303680
-0.6437903482
-0.6594493927
-1.8782438363
-0.8481696912
0.0535314500
-0.2333071991
0.5260165643
-0.0828542928
-0.3326678798
0.3723800353
-1.2129030772
-0.5542076755
0.0056292189
-0.2274949081
-1.3156910320
0.0654090883
0.2778483503
-0.5194667393
0.2086189555
-0.8536558575
-0.9370325637
-1.3875367490
0.7835386940
0.4504333272
-0.7567320033
-0.2134902344
0.0957624099
-0.5137286184
-0.8672560746
-0.9752561968
-0.6369006267
0.5648668654
-0.8012361377
0.6912202833
0.2899329274
-0.0049842698
-1.1287492331
-0.4126681519
-0.0863406811
0.4501138378
-0.3765825473
-1.1015530179
-0.9052515215
0.1650391372
0.3063054070
0.1205068909
-0.9060572903
-0.7223243177
0.0199642019
-0.3942422453
-0.7614377798
-0.4740242806
-0.1343958132
-0.4579097043
-1.1289799132
1.1070170638
-0.3068533660
1.0010793659
0.1781378788
-2.2131081868
0.3889686666
-1.4797757846
0.4118817135
0.3218040028
-0.1771941760
-0.7105960154
-0.4481947362
-0.0028043464
0.1763302120
-0.7133027305
-1.2341602741
1.0326458270
0.4363552734
-0.0468257360
-0.2604849799
-0.2259779179
0.3544614993
0.0775734893
-0.1281953715
-1.0051147040
0.0898310018
-0.2531410769
-1.0770959331
-0.1015256119
-0.8106819585
-0.1430772577
-0.5586610898
-0.9385921184
-0.2350477132
-0.0006860211
-0.9602714762
0.1654592589
0.1435708289
1.1143646646
0.5283101487
-0.9358842152
0.9730836785
-0.9251764557
-0.6002459734
-0.6702171690
-1.2661949600
0.1420601631
-0.3487551352
-0.6976773126
0.7534685867
-1.2147980790
-0.0447031318
0.2211671813
-0.1202324523
-0.4204193788
-1.0450311741
-0.6727120437
-0.4999883538
0.5655403300
0.9356928085
-0.4930293119
-1.0233398614
0.7188965870
-0.6241266320
0.1537504935
-0.6425137007
-0.2521197387
0.3571385634
0.1496369030
0.1915390971
-0.3219939634
0.2061233810
0.5751131471
0.4130406579
1.1276505195
-0.5642933863
-0.6598712526
0.3200577315
-0.2060957552
-0.0765513412
0.0194732498
-0.3087838678
1.3688074950
-1.2499570165
-0.0366928858
-0.5389760467
0.3498196939
-0.3663341231
0.4831047016
-1.7797426559
-0.7779429071
-1.2521571544
-0.0417786174
-0.0206183634
-0.2907692135
-1.0371681231
-0.9728165591
0.5639956686
0.0746660125
-0.3087336328
-0.3185077135
0.0031567642
-0.2300582028
-0.2467939845
0.1740517315
-1.0839717883
0.3733412349
1.3773507332
0.5529926645
0.7161364459
-0.0074215850
-0.5533702326
-0.9882801221
-0.8423621356
-0.0469583801
0.0129476153
-0.0981111026
0.1534439463
0.2006662769
0.3319127671
-0.8040242254
-0.9279910523
-0.6253781211
-0.1091101839
-0.1666277702
-0.1072462081
-0.1683907166
-0.4688814792
-0.4092341067
-0.3678783027
-0.7516045585
-0.1896540677
-0.4118862521
-0.5238808293
0.0538630131
-1.0572082058
-0.6859915615
-1.9034103619
-0.9883810450
0.5079850073
-0.3481416072
0.3010361024
0.0473705014
-0.3734113601
0.3721613364
-0.5539787057
-0.8079964535
0.3303199033
-0.6293158620
-0.4961078211
0.2242996564
0.2666634300
-0.8911234558
-1.0282085032
-0.5022505853
-0.2502894507
-0.8094223120
-0.6463386143
0.5798035358
-0.5329524643
0.2184667357
-0.7758425471
-0.6245080982
-0.2888768476
0.2641746948
-0.2078364675
-0.3964911664
0.0773061326
-0.8061522347
-0.8731360356
-1.0987820727
-1.1239427516
-0.8685325474
0.3797455867
-0.2721259856
-0.2205909413
-0.1140446000
1.0222102641
-0.8808384826
0.1537782399
-0.3635067066
-0.8350995176
-0.4285847686
0.1984002462
0.1019391736
-0.3138946755
0.5585907955
0.2231321846
-0.0577235035
1.1662228159
-0.2562531993
-0.1633400260
0.3958721669
-0.0105424261
0.5573066815
-0.1562069570
-1.0918299347
0.0722996817
-0.5525932913
0.5370639248
-0.7586089375
0.3371014023
-0.5887913432
-1.0567639656
-0.1588989948
0.5266727586
-0.1080653546
0.5650275476
-0.4234325094
0.6149345171
-0.9903618286
-0.5979984348
0.7090874841
0.1527298484
-0.7651065328
-0.2067470028
0.0610042251
-0.5616225123
-0.7999258175
-0.6971099403
-0.5949117024
-0.5825543474
-0.1861952880
-0.4822317439
0.4058458315
0.2721673445
-0.3454276098
-0.4589717522
0.4575809355
-0.4033355892
-0.4780565991
2.1587842258
0.6051586119
1.0797786587
-0.7309699079
0.0852171982
-0.7407123190
0.0752715170
1.0728880892
-0.4681824412
0.4861843180
0.3270021236
1.0774708621
-0.9140540547
-0.8690014687
1.0181209613
-1.0014914960
-1.2672852066
0.2618038106
-0.2956230771
-0.5793197366
-0.8663356183
-0.2831563115
-0.7629069622
0.6723753918
-0.4632519678
-0.3383019217
-1.0804256477
-0.3973755181
-0.7819179828
0.4316323936
-0.8570095467
-0.1448647995
0.0473595968
-0.3048845649
0.2385508422
-0.4528246780
0.1717127013
-0.3925871300
-0.8303577929
-0.0463025137
-0.7555801958
-0.8144913955
-0.7436720607
0.1975809138
-0.7130379199
0.0566672730
-1.6707667021
-0.2984401800
-0.4103972193
-0.7604878631
-0.0660121077
-0.5169087179
-0.9185042582
-0.8374181797
-0.3643865365
0.4578547009
-0.5216883633
-0.2464571244
-0.2228024370
-0.3976307507
-0.3767131793
-0.6372907080
-0.0301766438
-0.3324431666
-0.9061265633
-0.5504479438
-0.1635735813
0.4497258081
-0.1971310960
0.5144725695
-0.1039205312
-0.3104649858
-0.3420897403
0.7302561754
0.2145237967
-0.0949358629
-0.2162746078
-1.7832202591
-0.4906360920
0.2162699158
0.3512622790
-0.9773232931
-0.4083269162
-0.3402910663
0.2265946861
-0.6290920676
-0.7540418844
-1.3781164831
-0.8484713281
0.7571777116
-0.1755274752
0.7129333778
0.6204257296
-0.8053230030
0.1358828360
-0.4836592693
-0.6529891219
0.2313612320
-0.4430565644
-0.0890510056
0.6184077837
-0.7331511915
-1.4076716612
-1.1637681784
0.6038193404
-0.6089562188
1.0559137487
-0.4659337028
-0.2644947604
0.7766596832
-0.4806315329
0.1731930430
-0.9669315263
0.2525307666
0.5779599317
0.2156748839
-0.8889760099
0.2895111440
-1.2914035129
0.0885153907
-0.6953013780
-1.1374494397
-0.6756706645
0.1737926073
-0.1107163509
-0.0456865368
-0.5805095689
0.1325124518
-0.4352069495
-0.4449800451
-0.4829140798
-0.3883579197
-0.0061548838
-0.5972413644
-0.7420638614
-0.4283612635
-0.3338590606
0.0159332153
-0.6839892304
-0.1192448039
-0.6537869296
0.3747259220
-0.7703571778
1.5161039463
-0.3854292564
0.0142010741
-0.0753321124
0.5779381518
-0.6117101802
0.1160050444
-0.2661595687
-0.0034756174
-0.5983853818
-0.3960584061
-0.0686931378
-0.7910189371
0.1467761426
-0.7661976674
-0.0371235161
-0.7063496012
-0.5762310116
0.6671973894
-1.0703310424
0.1133283911
-0.9804197262
-1.0210802330
-0.1932070777
-0.0668350329
-0.3097121337
-0.6696040026
-0.5778787151
-0.7873360781
-0.8805728286
-0.7658364895
-0.4704200397
0.0333868837
-1.6843185831
-1.9145870154
-0.8155935630
-0.4862221853
-0.4083593285
-0.1300998447
0.0812030570
-0.1076184797
0.4755254380
0.0728916974
0.0804636386
-0.3257624635
-0.8687676370
-0.0894796042
-0.3580943825
-0.0370925954
0.2434567678
-0.2853673881
-0.2885179931
0.3121513920
-0.0355895113
-0.3446882646
-1.0254073216
-0.4541336819
-0.5167287773
-0.7421502740
-0.3050206851
-0.0951030101
0.3993098866
0.2291108834
0.1183698379
-0.1587814509
-0.6240839569
-0.1312659781
-0.1369150692
0.3727913131
0.5067771548
-0.0977854567
-0.7345471997
0.3873077089
0.1349434225
-0.9243565954
0.1439950921
-0.5875085385
0.1962249945
-0.5209194077
0.8395466622
-1.8942858693
-0.3577114847
-1.2049755201
0.4159114645
-0.1010611480
-0.3545990006
-0.0901948673
-0.4742002899
-0.1724439161
-0.6503550672
-0.3742537452
0.1664372845
0.3147297377
-0.4608083035
-1.2874272136
-0.6659316659
-0.3940056604
-0.0537451770
-0.5777210500
-0.7088698176
-0.2755211055
-0.2858211232
-1.4935177701
-0.0453388855
-0.8857377187
-0.6989527848
-0.1682198947
-0.0447349538
0.0316602009
-0.8071017482
-0.0961717975
-0.1103080082
-0.7372420288
-0.7995868284
-0.8553668668
0.4535878232
-0.0013348839
-0.1218257338
0.0329244055
-1.8321360581
-0.7318777497
1.1958464902
-0.5933570370
0.2302455612
-0.5790819611
-0.0977540407
-0.6233497502
-0.3067687502
0.1870228931
-0.4316804408
-0.4110831118
0.1101710674
-0.3697146030
-1.1469592463
-0.5572451733
-1.0516214461
-0.9978572663
0.3157859153
-0.6202862951
-0.1661574052
-0.1950272614
-1.0637849495
0.2933142706
-0.4153414045
-0.2774227865
-1.1574280362
-0.4670298268
-0.6857913089
0.0064677453
-1.6866872167
-0.0843156657
0.0322697949
-0.8654702331
0.3784846248
-0.4674014413
-0.8142790661
-1.1504325619
0.4301244302
-0.3238910085
-0.5166518910
-0.5258837338
-0.4662116237
-0.4488849977
0.3291593689
-0.6339738170
-0.5484835074
0.5315124577
0.1010374507
-0.8877778760
-0.0930525900
-0.6033438992
0.5431272150
-1.3860381052
0.0974725018
0.0528227370
-0.7921478412
-0.4988450889
-0.6049636022
-0.9501871713
-0.5614317433
-0.5020961492
-1.2120682239
0.0325978780
0.4650622109
-0.6976727686
-0.9430317009
-0.6565111416
-0.6026840431
-0.0040235206
1.0805127119
-0.4141953858
-0.1222982790
0.4767322143
-0.4153887032
0.0735923401
-0.1187807937
-0.4276192369
-0.3354824528
0.3097374537
-0.4711605554
0.0586275509
-0.5872148699
-0.7572447493
-1.3571826679
-0.9485761916
1.3574994855
-1.4759256496
0.2976208942
-1.5669280092
0.5072027479
-0.1346595295
-0.8283814605
-0.9057025941
0.3724079113
-1.4809881584
-1.2695544920
1.0569452920
-1.0693275737
-0.5779242703
-0.1497160862
-0.2667392447
0.7199860712
0.1003371187
-0.3721289891
-0.1130704844
-0.7823426206
-0.5439010407
-0.9280460641
0.4953087917
-1.3079886317
0.1854310464
0.3750199044
0.8356387167
-0.8309419935
-0.2067160584
-0.7858440252
-0.4477678500
-0.3906368262
0.7390934546
0.1969464845
-1.0451368596
-1.6897196568
0.4649694802
-1.1333714982
0.2986300012
0.9188282141
-0.4715006525
-0.9795454933
-0.3112438796
-0.8405771386
0.0394475783
-1.2110020286
0.6586725636
-0.0572750903
-1.7969327524
-0.0053614438
0.7148261214
-0.5969691254
-0.4171746055
-0.3700754956
-1.0508723083
0.2619011784
-0.2650288054
-0.6253674619
-0.0578388433
0.9499652254
-0.9133664329
0.0741038892
0.6923199687
-1.4202455752
-0.0443226526
-0.8763565092
-0.4032146185
-0.0971095425
-0.0021959072
-0.8412414179
-1.0401656976
0.2241467976
-1.2883643352
-0.1312078775
-0.3599114678
0.3963037050
-1.3561465339
0.0131937657
0.0828255344
0.0321562684
0.4267676347
0.1913752549
-0.3296512604
-1.6283172976
-1.5731084617
-0.9820085848
0.1870466820
-0.2784576014
-0.8447083091
0.2633119206
-0.6135560251
-1.2248048847
-0.1851679770
0.1099522176
0.7869793347
-0.8068455065
0.9929769492
-0.5079932518
-0.8019111907
-0.8066908206
0.0430757839
-0.3596027228
-0.2663787145
-0.3214158115
0.0086370806
-1.0319803404
0.9838612880
-0.3533916075
-0.5543160014
0.0178739080
-0.8328834673
-0.2529317090
-1.0029916707
-1.6412087244
0.0468099042
-0.3510399126
-0.8742822881
-0.3121174058
0.1987250867
0.0917802047
-1.2015408239
0.5567021788
-0.0334572263
0.1459797559
-0.7052823769
-0.3936410879
0.0292569604
-0.8335289179
-0.0070109053
1.0698688581
0.9155276963
-1.0938453168
0.5036847743
0.9035709411
-0.5090021133
0.1000214251
0.0762222610
-0.7818875174
-1.1316780743
0.1636786158
0.9570804158
-0.4810057050
-0.6476530936
0.1161252346
0.1091948382
-0.2816041486
-0.4425860257
-0.6632203908
-0.4677849168
0.1588818549
0.0265420255
0.1602381771
-0.0899178932
-1.0249618073
-0.7238096694
1.1918414575
-0.3796636141
-1.3126287472
-0.1045188320
-0.2614154345
-0.1534114682
0.5460412710
-0.9833300301
-1.1804432475
-1.6059359058
-0.6474876286
-0.8391078712
0.4005938980
0.2981427477
-1.0477504820
-1.5591904918
-1.2176925030
0.8276437288
-0.3919690076
-0.3184145460
-0.2456031867
-1.8023617355
-0.1114483201
1.3892761932
0.7652842939
0.4059161781
-0.7029175604
-0.2581560343
0.9182769639
-0.3378356617
0.5636369494
-1.1388891345
-0.6635735018
-0.2422277597
-0.4648022838
-0.0846735391
-0.4469749264
0.2391667173
-0.6890580108
-1.3640040083
-0.2780215952
-0.9521197090
1.0294202116
0.0060068339
-0.2256883871
-0.1707456074
-0.3291731958
-0.0977753365
0.2536246758
-0.0515408352
-0.5542261964
0.2669398402
-0.2861819670
-0.2503334675
0.3899015719
-0.7455967805
-0.5646928403
-0.1608455023
-0.1287776987
-1.1400850697
-0.3963290763
0.3282971594
-0.2728681053
-0.6536217385
0.4410154161
0.3559773287
-0.1930863844
-1.1876868905
-0.1772624765
-0.7107506936
-0.9457756339
-0.4742952004
0.3015624887
-0.7303669233
-0.7261440016
-0.1856717978
0.1947870277
0.7042384995
-0.3039181482
-0.1610703912
-0.9130888503
-0.0537314068
-0.1051055024
-0.8713763172
-0.3551167753
0.2049771165
-0.6101222713
-0.7100608057
0.2777351778
0.6689140084
-0.2150097649
0.5556443855
-0.1589894431
-0.4779710509
-0.5941337497
-0.7284836666
0.0767296620
-0.2587438835
-0.2562026373
0.0848401260
0.2425118609
-0.3021780143
-0.8275819929
-0.7981577831
0.2290527456
-0.5163277482
-1.0793894945
0.2863527740
-0.8772985532
-0.1558412342
-0.0483171556
-1.0988721523
0.6059575791
-0.0653580785
-1.3298637603
-0.2065734658
-1.0050874658
0.6264025154
-0.5711724738
-0.5683518464
-1.3075057512
-0.8961842801
0.4149270502
0.4155192127
-0.3181924160
-0.5200193830
-0.0024096160
-0.2886321183
0.1557063447
-0.0513424507
-1.0213117875
-0.4034122299
-0.2308475043
0.4704470553
0.2487590157
-0.6288531509
-0.0504240328
0.1870005294
1.1444070403
-0.1443935401
0.5782433293
-0.6116192449
-0.8326955555
-0.7313184355
0.2049443978
-0.8266224501
-0.1357375751
-0.5526947303
-0.3752052792
-0.0996658793
0.1702835638
-0.3458837381
-1.3579467929
-0.4074654763
-0.1611775878
0.0149735919
-1.6428599490
-1.1920176597
0.5894221959
-0.3391502776
-0.4268218248
-0.0845393444
-0.3050267793
-1.2985924705
0.6329295889
-0.8463019911
-0.6258985626
0.6365553672
0.2774109263
-0.6844331847
-0.6657763030
0.7183644480
-0.5368473415
-0.6214569060
-0.7232590545
-0.7821994829
-0.4164455842
-0.7707793371
-0.7163474637
-0.8050070436
-0.7069156742
-0.9526924694
0.6383109529
-0.5988111836
0.3449564374
-1.1267894571
0.1465693676
1.3709918205
0.0414658311
-0.9437253399
-0.4360436956
-1.4076849049
0.6852597085
0.0544487610
0.3786113188
0.1599231838
-0.3082933231
0.3710148330
-0.6184775983
-0.1057025620
-0.9978507627
-0.1220317796
-0.2143751025
-0.0444920788
-0.6711086240
0.0045637061
-0.6536592639
0.5186550294
0.1536356557
-1.0223374670
0.1426796720
-0.6801514066
-0.3070134854
-0.1230762160
-0.4574408347
-0.2536220941
-1.0671324673
-0.1713391576
-1.4914183542
0.8042135219
0.1300397948
-0.6187697706
0.0406420643
-0.2540437339
-0.2186746870
-0.7267833225
-1.2482521852
-0.4280325166
0.8047274235
-0.3717977293
0.1686050912
-1.2516970984
-0.7349624130
0.4962294408
0.3312314180
-0.8493006543
-0.4980099836
-0.4326334259
-0.5084772152
0.2594924745
-0.4160626365
-0.3508877760
0.7460885151
-0.5087955646
-0.3829890311
0.8267157805
-0.0028918378
-0.5007417423
-0.7322014233
-1.4209501039
-0.4817193576
-1.1041221513
0.0304778654
-0.6455935512
0.7755947833
0.0739265698
0.0153839095
0.4661811261
-0.5182860800
-1.4818404384
-0.2490731013
-0.9034956453
-0.8287647451
-1.6603489017
-1.3568116670
0.2515421721
-0.7084517400
0.0779070582
-0.9650184495
0.3381869019
0.0834508919
-0.5248367261
-0.7365406584
-0.4986718866
-1.0146068392
-0.9767909622
-0.1817946239
0.2992089399
-1.5296317333
-0.2036731517
-0.2382687324
-0.1082514475
0.5614654383
-0.2347173444
-0.1263008997
-0.1535148602
-0.6058241288
0.5842539823
-0.3332759308
1.3065975932
0.4487241044
0.0249415990
0.0292239897
0.3417780842
-0.1647397623
-0.1782319881
-0.5062737981
-0.6286982026
0.4311830538
-0.2001342864
-0.9704453421
-0.1094442854
-0.9571353609
-0.3586642504
-0.0715256402
-0.3417779406
1.5159636741
-0.6212791070
0.3965456764
0.5320114887
0.9121940840
0.4340565182
0.2002498759
-0.0519206247
0.1966509975
0.4207179939
-1.1599336009
-0.3469275185
-0.8544498464
-0.4538018465
-0.8076363267
0.7537036162
0.0098826607
-0.2019167254
-0.9877448094
0.5976383141
0.1402676094
-0.1436430523
-1.6880867980
0.4334494941
-0.7063704544
-0.4664424647
0.9428368121
0.1452642284
0.1640353993
0.2306961980
-0.4915552100
-1.1604347706
-0.4829295077
-1.2005946465
-0.5338627808
0.0118466324
-0.7797926233
-1.0637446633
-0.5035025158
-0.8867584017
-0.5161256515
-0.8347699150
-0.5342842038
-0.0100648173
-0.8179865463
-1.0667471663
-1.0068958373
-0.2615881865
-0.3391218029
-0.2608026331
-2.1170583954
-1.1565368703
-1.1044502814
0.2304062786
-1.2704838298
0.8776506841
-0.4230362823
-0.6680257600
1.0040857795
0.3660771374
0.2588072644
-0.4354226422
-0.5121844323
0.3803199693
-0.4694408049
-1.0872286891
-0.8578814835
-0.2773778922
-0.3261751940
0.3726779368
-0.1484710302
-0.3344560728
-0.6217781284
0.6351995581
-1.0707250103
-0.8808509838
-0.8810702076
0.3794391226
-1.1972522698
-0.2145326470
-0.7652474511
0.3173617248
0.4491127524
-1.3863944639
-0.3641307470
0.5442824794
0.3183974855
-0.3217340045
-0.6688880502
0.6710309230
0.7227170504
-0.0670923510
0.0345225402
-0.5666285963
-0.0027099961
-0.4141293295
-0.2832587911
-0.6357397398
-0.2922960772
-0.2875321394
0.1982089211
-0.3526994430
0.3126913800
-0.7635583170
-0.4716510230
-1.0109588774
0.2251232264
0.4480627387
-1.9983464893
-0.2323167373
0.5198479258
-0.0620353553
-1.9725955038
-1.0069895083
-1.0745299546
-0.3256573277
-0.2030358319
0.9584736493
-0.7280549160
0.1943556081
-0.6008619695
0.8305727846
0.1187594989
-0.4807186277
-0.5122921614
0.4767144424
-0.1577939281
-0.2458448611
-0.7020673730
-0.7140858335
-1.1613240621
-0.0319470936
-1.1193977212
0.2114188764
-0.0393014086
0.4480405726
-0.4331235863
0.0937702872
-0.1129208673
0.4321004932
-0.2803469259
0.2712787705
-0.5338509505
0.1190690932
0.1301699496
-0.7378356110
-0.3461658465
0.5390955055
-0.9285736086
0.1892243696
-0.1353124481
-0.5106164793
-0.6185816238
-0.3001863326
0.1944183423
-1.2093056009
-0.4997626287
-0.3032593405
-0.1027680880
0.2233774680
-0.1782415796
0.1699366739
0.9503900314
0.5244847578
-0.3397150118
-0.4832408020
0.3729027703
-0.5561323482
-0.2802366360
0.0945319644
1.6937443890
-0.6640630028
0.3957318146
-1.8201907705
-0.8182235176
0.3007256371
0.3962557979
-0.0225688972
-0.8048979622
-0.6344403603
0.6193898355
0.0474335157
0.0525763331
0.0649895991
-0.4881677091
-0.3589698839
-0.0332610245
0.8549139474
-0.0074834327
0.3979690820
0.6907801846
-0.8740399645
-0.2806925368
-0.1907429862
-0.4573560807
0.3890726914
0.6530192953
-0.3558171962
-0.1924832103
-0.5933254169
-0.8338147934
-0.7628012344
0.5255391591
-0.3193478474
0.2487139982
0.7142623266
-0.4911122346
-0.0914253168
0.6608298521
-0.0933690154
-0.7644602491
-0.3411380354
-0.3906996415
-0.7906730845
-0.9275096378
0.1024605429
-0.4121224637
0.0412165799
-0.3191067832
0.5900121153
-0.6368710173
1.4635745983
-0.4710963228
0.0728272985
-0.2277533052
0.4217091287
0.4839963696
-0.0192226647
-0.6547029258
-1.0483908932
0.3453785475
-0.0669024117
-0.9829202812
-0.3094973372
-0.4855867865
-0.1166510347
0.3455454102
-1.3902639484
-0.5289552570
-1.2140445997
-0.0387874577
-0.6775717028
-0.7618928199
0.7073981699
-1.0641690083
-0.5206053684
-0.4348140185
0.3951071288
-0.6271402116
-0.1498287116
-0.9457589788
-1.1188235518
-1.0439327837
-1.7457742305
-0.3869143395
-0.7071010886
0.3794382192
0.0020254601
1.2705583291
-0.0624594915
0.3988052114
-1.1856939719
-0.5340550587
0.2902583617
0.8719438601
-1.5202901010
0.0382804132
0.2942361465
-0.0866014174
-0.1273790163
-0.1295650248
-0.0109806667
-0.7248811266
-1.4934124637
0.2631725956
0.1424235971
-1.0320208155
-0.0990705948
-0.1629103076
0.1147496768
0.4187835171
-0.2309467334
-1.2946583082
-0.0515829178
-1.0619813969
-2.2122571454
-0.9914629019
0.3441296173
0.5224930583
-0.3544033145
-0.2399649594
-1.2442591402
-0.2334817968
-0.5398249777
-1.1570612311
0.4633233256
0.0138594623
-0.6478208490
-0.4590423773
1.0538811896
0.5391207853
-0.3961232662
-0.5268021397
0.5349635613
0.3197265173
-0.8911189304
-1.4180146640
-0.7935617608
0.5682939549
0.6869741279
-1.2202651334
-0.0418472266
-0.7818868716
0.3572014234
-0.2871554869
1.1163957306
0.1686471024
-1.1114898877
-0.7434560866
0.1704951878
0.0862250890
-0.7333826153
-0.0211729568
-0.3805768846
0.9860359857
-0.8500467906
-1.5433647805
0.0632645786
-0.3060954147
-1.5653699648
-0.8407938411
-0.0210808270
-0.4431759201
0.4051747502
-0.2816915558
-0.8883886095
0.2902292069
-0.3886572092
-0.5070616732
-0.5857513120
0.0623419103
0.0716872262
-1.2502190791
-0.2577811679
0.7461282936
-0.5357116290
-0.4804347027
-0.7902604681
-0.2648129849
-0.0740378325
-0.4657285001
-0.1857916495
0.1359616467
-0.9554971950
-0.0854035812
0.0034528186
-1.2324880354
-0.6147847962
-0.4685354649
-0.3649337437
1.6763164969
-0.4747314005
-0.0262461978
1.5828879536
-0.3261559285
0.0187510575
-0.7683701398
-0.4906597434
0.8711172738
-0.0285756663
0.3873136322
1.4683323568
0.1880102447
-0.5248132260
-0.5488744580
0.3367459001
0.2461761930
0.2759679905
-0.4486503540
-0.3872143717
0.2103180471
-0.3831358661
-0.5311713723
0.1755704052
-0.4136250848
-1.9903238144
-0.4660304730
-1.2503110816
-0.4187868106
0.3997172221
-0.2326859934
-0.2575287184
-0.3955274070
1.1755545111
-0.1121054508
-1.0936326297
-0.8631905046
-0.0490689785
-0.4654612156
-0.5314895975
-1.1070750723
0.0740182218
-0.4543273081
-0.3852279239
0.1538304414
-1.2599624097
-1.6086623551
-0.3471038251
0.6765117782
-0.0503362352
0.0673572784
0.7208030944
-0.1300358660
-0.6360526331
-0.0367408391
-0.5018911528
-0.4075687918
-0.7704602804
-0.7413203771
-0.7962538120
0.1043227153
-0.8598345460
0.1160391450
-0.7430797600
-1.4277559535
-0.4727093795
0.6419003967
-0.5196511574
0.3318702586
-1.0241286001
0.4184281393
1.1370930790
0.5174705872
-0.3003543799
-0.1667641315
-0.5817754829
-0.1956056391
0.5122966482
-0.4213173336
-0.5171662079
-0.5079014494
-1.4629810162
0.5821526579
-0.2192928970
-0.2507129634
0.1192354314
0.0101218271
-0.3141880658
-0.5498089973
-0.1741541045
0.8116282335
-0.1719044248
-1.0959422259
-0.4460761700
-0.1310637799
0.4031818328
-0.6422568926
-0.7913275725
0.5194277319
-0.5979409648
-0.7961225108
0.0566774871
-0.9535006799
-0.3387137239
-0.4962015090
0.2133052623
-0.2635892645
-0.9086574052
-0.7192184655
-0.0983454797
0.3008320610
0.2658702336
-0.6362769738
-0.3421623731
-0.7569731845
-0.3407558598
-0.0552052156
-1.2679801213
